128.00 128.00 164.00
1.00 17.00 96.22
1.00 60.00 71.63
2.00 77.00 54.88
3.00 0.00 97.65
3.00 3.00 20.89
3.00 19.00 80.62
6.00 113.00 65.21
6.00 116.00 98.84
7.00 17.00 58.65
7.00 55.00 19.66
8.00 92.00 97.68
8.00 115.00 89.19
9.00 32.00 67.06
9.00 55.00 40.72
9.00 64.00 84.80
10.00 8.00 81.38
10.00 38.00 9.71
10.00 45.00 63.99
12.00 71.00 60.64
12.00 76.00 59.20
13.00 105.00 67.78
14.00 36.00 57.23
15.00 8.00 16.13
15.00 42.00 36.37
17.00 41.00 99.88
18.00 75.00 15.90
18.00 117.00 16.25
19.00 13.00 31.54
19.00 30.00 69.25
21.00 1.00 9.39
23.00 19.00 14.94
25.00 90.00 43.86
25.00 100.00 28.28
26.00 21.00 65.31
27.00 6.00 78.05
28.00 102.00 61.21
29.00 41.00 95.61
29.00 52.00 42.39
29.00 59.00 31.86
31.00 69.00 57.43
31.00 94.00 61.56
32.00 121.00 57.02
33.00 32.00 58.13
34.00 2.00 28.94
34.00 48.00 29.61
35.00 2.00 43.76
36.00 40.00 54.49
39.00 34.00 92.56
39.00 46.00 41.43
40.00 85.00 12.38
41.00 83.00 45.35
43.00 100.00 60.28
43.00 102.00 79.17
45.00 22.00 2.01
45.00 45.00 11.83
47.00 80.00 96.37
48.00 2.00 72.53
48.00 61.00 65.32
48.00 74.00 64.59
49.00 23.00 13.55
49.00 43.00 6.41
50.00 66.00 21.04
50.00 74.00 94.47
51.00 44.00 66.02
53.00 88.00 46.63
54.00 124.00 77.42
59.00 26.00 56.84
59.00 98.00 6.02
60.00 44.00 27.00
60.00 57.00 22.31
61.00 68.00 52.89
61.00 94.00 1.88
62.00 49.00 14.34
62.00 63.00 91.95
64.00 53.00 26.46
65.00 34.00 66.74
68.00 1.00 38.34
68.00 51.00 72.21
69.00 25.00 50.13
69.00 30.00 95.27
69.00 108.00 44.71
71.00 106.00 79.92
72.00 68.00 57.62
74.00 35.00 0.47
74.00 75.00 29.83
76.00 110.00 43.70
77.00 77.00 43.59
79.00 44.00 69.76
81.00 35.00 52.18
81.00 101.00 86.64
83.00 25.00 29.74
83.00 84.00 36.76
83.00 111.00 83.26
84.00 35.00 68.18
85.00 82.00 83.79
85.00 116.00 24.44
88.00 0.00 36.87
88.00 25.00 86.81
88.00 71.00 56.80
88.00 84.00 65.63
89.00 31.00 56.66
89.00 68.00 18.32
89.00 86.00 25.33
89.00 87.00 80.73
89.00 94.00 6.92
89.00 101.00 11.87
89.00 106.00 69.74
89.00 112.00 60.48
89.00 116.00 29.01
90.00 58.00 73.52
91.00 58.00 46.15
92.00 64.00 31.80
93.00 112.00 71.42
93.00 121.00 87.00
94.00 50.00 30.16
94.00 63.00 9.61
95.00 64.00 52.32
97.00 66.00 82.89
97.00 72.00 88.17
99.00 77.00 13.82
99.00 89.00 69.25
100.00 59.00 61.80
101.00 63.00 8.71
102.00 0.00 26.54
103.00 22.00 12.02
103.00 34.00 45.62
104.00 77.00 35.95
105.00 120.00 56.91
106.00 61.00 2.02
106.00 108.00 73.93
107.00 29.00 70.39
107.00 40.00 46.87
107.00 42.00 1.92
107.00 96.00 41.47
110.00 103.00 88.11
111.00 47.00 3.92
111.00 95.00 61.69
112.00 95.00 13.18
113.00 20.00 59.09
113.00 26.00 11.04
113.00 125.00 12.89
114.00 12.00 57.59
116.00 20.00 42.88
116.00 22.00 71.52
116.00 118.00 43.14
117.00 20.00 42.37
117.00 34.00 7.10
117.00 64.00 61.76
118.00 125.00 89.65
119.00 104.00 66.68
120.00 38.00 57.00
120.00 92.00 39.65
121.00 47.00 64.40
121.00 101.00 10.20
122.00 48.00 77.82
122.00 54.00 84.64
123.00 0.00 69.95
123.00 115.00 89.18
124.00 20.00 94.37
124.00 32.00 10.02
124.00 105.00 82.10
126.00 1.00 92.93
126.00 50.00 24.88
127.00 103.00 97.86
