128.00 128.00 164.00
2.00 15.00 94.93
2.00 21.00 36.86
3.00 62.00 96.19
5.00 107.00 62.90
6.00 5.00 20.98
6.00 106.00 14.81
7.00 42.00 71.69
8.00 24.00 55.74
8.00 75.00 38.35
9.00 65.00 92.95
10.00 115.00 26.21
12.00 34.00 61.79
12.00 64.00 92.81
13.00 28.00 36.00
17.00 80.00 10.03
18.00 43.00 51.13
19.00 73.00 17.96
21.00 79.00 45.61
22.00 9.00 55.22
23.00 110.00 56.54
25.00 34.00 96.16
26.00 8.00 46.36
27.00 65.00 22.74
28.00 41.00 58.83
29.00 118.00 74.87
30.00 84.00 32.00
33.00 42.00 53.56
37.00 50.00 79.92
37.00 77.00 37.78
38.00 41.00 79.80
38.00 72.00 86.39
39.00 15.00 87.43
39.00 21.00 49.74
42.00 65.00 86.22
44.00 28.00 13.69
45.00 47.00 43.44
45.00 105.00 90.66
46.00 1.00 25.39
46.00 25.00 67.94
47.00 7.00 77.06
47.00 11.00 87.65
47.00 40.00 37.42
47.00 93.00 34.72
47.00 115.00 7.95
49.00 2.00 70.44
49.00 3.00 99.03
49.00 127.00 57.72
50.00 1.00 22.39
50.00 31.00 2.47
51.00 108.00 49.05
52.00 35.00 72.56
52.00 109.00 30.16
53.00 20.00 24.54
53.00 71.00 94.14
53.00 94.00 31.18
53.00 119.00 52.10
54.00 82.00 82.21
55.00 15.00 94.04
55.00 40.00 18.33
57.00 52.00 27.03
57.00 65.00 29.21
57.00 80.00 86.06
58.00 82.00 21.69
59.00 16.00 17.16
59.00 18.00 96.08
59.00 92.00 13.25
60.00 67.00 66.99
61.00 57.00 8.34
61.00 80.00 73.01
62.00 36.00 18.56
62.00 92.00 1.14
63.00 123.00 61.40
64.00 18.00 33.31
64.00 97.00 8.96
65.00 92.00 16.47
67.00 22.00 18.62
67.00 53.00 75.84
67.00 59.00 63.04
67.00 114.00 58.99
68.00 87.00 98.18
69.00 32.00 2.07
69.00 71.00 48.81
69.00 84.00 69.63
69.00 107.00 94.44
70.00 13.00 73.00
70.00 115.00 58.68
71.00 54.00 3.18
71.00 117.00 13.15
73.00 123.00 23.22
74.00 16.00 42.47
74.00 69.00 78.52
75.00 100.00 5.34
77.00 96.00 5.43
78.00 56.00 97.75
79.00 47.00 21.55
79.00 65.00 89.67
79.00 82.00 14.69
79.00 86.00 13.21
80.00 70.00 18.98
81.00 2.00 20.00
82.00 98.00 21.33
83.00 37.00 53.66
84.00 5.00 9.78
84.00 103.00 11.75
85.00 101.00 35.56
87.00 10.00 40.72
88.00 22.00 72.70
88.00 50.00 95.28
89.00 28.00 6.40
89.00 89.00 66.31
90.00 18.00 85.58
90.00 72.00 2.57
90.00 116.00 48.56
91.00 81.00 5.54
92.00 17.00 97.55
93.00 81.00 90.37
93.00 101.00 51.82
94.00 85.00 20.75
95.00 40.00 79.37
96.00 43.00 94.74
96.00 55.00 6.72
97.00 56.00 1.85
97.00 78.00 39.61
98.00 9.00 73.09
98.00 72.00 77.40
98.00 114.00 8.11
99.00 40.00 62.15
99.00 97.00 47.84
101.00 1.00 5.80
101.00 11.00 42.05
101.00 53.00 31.19
102.00 2.00 1.17
102.00 91.00 22.43
103.00 20.00 73.96
103.00 24.00 51.74
103.00 80.00 24.08
103.00 105.00 69.56
104.00 71.00 45.37
105.00 16.00 39.82
105.00 77.00 28.17
106.00 31.00 25.44
106.00 97.00 87.27
107.00 8.00 33.82
107.00 21.00 58.45
108.00 100.00 93.42
111.00 72.00 1.64
111.00 97.00 27.76
112.00 42.00 68.75
113.00 8.00 58.64
114.00 3.00 97.29
115.00 126.00 14.48
117.00 10.00 23.79
117.00 50.00 84.89
118.00 66.00 23.17
118.00 121.00 1.32
119.00 10.00 27.35
121.00 68.00 34.54
122.00 18.00 83.10
122.00 62.00 63.95
122.00 82.00 68.33
124.00 17.00 76.53
125.00 38.00 26.33
127.00 54.00 29.30
127.00 86.00 67.20
