128.00 128.00 199.00
1.00 67.00 4798.49
1.00 80.00 965.09
2.00 96.00 298.00
3.00 62.00 2009.41
3.00 73.00 1447.94
6.00 8.00 3823.91
7.00 15.00 1848.83
7.00 40.00 360.37
7.00 80.00 588.26
8.00 17.00 9528.68
8.00 126.00 1291.47
9.00 15.00 3829.31
9.00 18.00 2824.69
9.00 40.00 746.40
9.00 97.00 759.81
10.00 24.00 4536.12
10.00 41.00 774.86
10.00 47.00 2779.73
10.00 72.00 838.85
10.00 75.00 3120.92
10.00 105.00 5801.33
12.00 54.00 192.84
12.00 117.00 797.42
13.00 16.00 2699.00
13.00 77.00 1909.36
15.00 24.00 899.09
15.00 65.00 3135.82
15.00 75.00 618.59
18.00 10.00 386.59
18.00 50.00 1379.46
18.00 100.00 84.91
19.00 28.00 1135.44
19.00 84.00 2216.00
23.00 73.00 268.32
25.00 18.00 3753.54
25.00 72.00 112.72
25.00 116.00 2129.84
26.00 79.00 2978.79
27.00 5.00 1637.49
27.00 106.00 1155.92
28.00 2.00 71.62
28.00 91.00 1372.94
29.00 16.00 546.72
29.00 18.00 3061.11
29.00 35.00 3075.82
29.00 92.00 422.14
29.00 109.00 1278.48
31.00 32.00 118.88
31.00 71.00 2803.16
31.00 84.00 3998.85
31.00 85.00 1277.37
31.00 107.00 5423.69
32.00 68.00 1969.47
34.00 15.00 2747.27
34.00 21.00 1066.73
35.00 15.00 4154.14
35.00 21.00 1612.99
39.00 1.00 1051.91
39.00 25.00 2814.75
40.00 101.00 440.23
41.00 37.00 2433.48
43.00 2.00 92.63
43.00 91.00 1775.78
45.00 9.00 110.99
45.00 47.00 513.90
45.00 105.00 1072.51
47.00 70.00 1829.10
48.00 15.00 6885.27
48.00 16.00 2743.14
48.00 21.00 2673.46
48.00 57.00 544.77
48.00 69.00 5071.61
48.00 80.00 4769.01
49.00 110.00 766.12
50.00 16.00 4012.14
50.00 69.00 7417.78
51.00 28.00 903.81
53.00 22.00 3390.00
53.00 50.00 4442.91
54.00 17.00 5924.95
59.00 8.00 2635.10
59.00 9.00 440.00
59.00 72.00 465.95
59.00 114.00 48.82
60.00 28.00 369.63
60.00 52.00 603.04
60.00 65.00 651.68
60.00 80.00 1920.00
61.00 85.00 39.01
61.00 87.00 5192.74
62.00 2.00 1010.11
62.00 3.00 1420.09
62.00 123.00 5645.73
62.00 127.00 827.70
64.00 20.00 649.33
64.00 71.00 2490.94
64.00 94.00 825.02
64.00 119.00 1378.57
68.00 108.00 3541.90
69.00 34.00 4820.50
69.00 84.00 3048.64
69.00 100.00 4176.81
71.00 31.00 2033.16
71.00 97.00 6974.62
72.00 87.00 5657.13
74.00 100.00 159.29
77.00 96.00 236.69
79.00 28.00 955.01
81.00 1.00 502.51
81.00 11.00 3643.21
81.00 53.00 2702.30
83.00 5.00 359.51
83.00 34.00 2859.80
83.00 72.00 136.55
83.00 97.00 2311.30
83.00 103.00 431.93
85.00 98.00 1787.24
88.00 5.00 641.86
88.00 34.00 8347.65
88.00 54.00 180.62
88.00 103.00 771.15
88.00 117.00 746.92
89.00 1.00 68.85
89.00 10.00 3287.33
89.00 11.00 499.13
89.00 31.00 1774.19
89.00 42.00 4158.00
89.00 53.00 370.23
89.00 85.00 143.59
89.00 87.00 1798.66
89.00 97.00 6086.21
90.00 82.00 1594.65
91.00 82.00 1000.99
92.00 18.00 1059.26
92.00 97.00 284.93
93.00 42.00 4910.12
93.00 68.00 3004.98
94.00 1.00 675.28
94.00 31.00 74.50
94.00 123.00 590.05
95.00 18.00 1742.78
95.00 97.00 468.79
99.00 28.00 443.20
99.00 89.00 4591.97
99.00 96.00 75.04
100.00 16.00 1060.49
100.00 18.00 5937.74
100.00 92.00 818.85
101.00 123.00 534.79
103.00 9.00 663.74
104.00 96.00 195.21
106.00 57.00 16.85
106.00 80.00 147.48
106.00 100.00 6906.54
107.00 43.00 3928.87
107.00 55.00 278.68
107.00 65.00 165.54
107.00 118.00 5270.10
110.00 20.00 6516.62
110.00 24.00 4558.81
110.00 80.00 2121.69
110.00 105.00 6128.93
111.00 7.00 302.08
111.00 11.00 343.59
111.00 40.00 5043.02
111.00 93.00 136.10
111.00 115.00 31.16
112.00 40.00 1046.10
113.00 8.00 511.81
113.00 38.00 339.39
114.00 34.00 3558.49
114.00 64.00 5344.93
116.00 9.00 3949.33
116.00 66.00 999.55
116.00 121.00 56.94
117.00 18.00 2057.23
117.00 97.00 553.37
118.00 38.00 2360.48
119.00 71.00 3025.27
120.00 17.00 3867.86
120.00 41.00 4548.60
120.00 72.00 4924.23
121.00 1.00 59.16
121.00 7.00 4962.66
121.00 11.00 6073.57
121.00 40.00 2409.85
121.00 53.00 318.14
121.00 93.00 2235.97
121.00 115.00 511.98
122.00 82.00 6958.25
123.00 126.00 1291.33
124.00 16.00 3269.22
124.00 77.00 2312.76
126.00 1.00 557.06
126.00 31.00 61.45
127.00 20.00 7237.73
127.00 24.00 5063.28
127.00 80.00 2356.47
127.00 105.00 6807.14
